1 1.002903233121493
2 0.9452461307403798
3 0.9186170988568767
4 0.8985795878899994
5 0.876630687556491
6 0.8808228983846986
7 0.7629306697513183
8 0.7708352179318698
9 0.735163658385055
10 0.7447144302342678
11 0.741444364876833
12 0.6872749871695435
13 0.684225148883197
14 0.6700620202104612
15 0.6639585812139529
16 0.631363825393662
17 0.6174723183036465
18 0.6065714018393158
19 0.5906399306362713
20 0.5826136660362198
21 0.555460896055617
22 0.5464941689811883
23 0.5328077150845683
24 0.5303813804077614
25 0.5284358167429227
26 0.5075361313887208
27 0.49613764188709836
28 0.49289559665498317
29 0.4825531166482691
30 0.47115768056310725
31 0.4589874807613603
32 0.4499749792384322
33 0.4343496348897962
34 0.4296944066895928
35 0.42052632417182256
36 0.4126892541441518
37 0.41606263471089666
38 0.3923260710511742
39 0.38243008279162616
40 0.3745324361412737
41 0.3725430455375896
42 0.3637398432999497
43 0.35861597605251583
44 0.34967415300952676
45 0.3415668042057939
46 0.33978936927167547
47 0.3273526082131099
48 0.3193814653513927
49 0.31287811734420495
50 0.31296060268959897
51 0.29878989149917623
52 0.3045339487605643
53 0.29217779492579327
54 0.28829492526634637
55 0.2803206177974575
56 0.27795473933182047
57 0.27223001038843164
58 0.26303723517618444
59 0.25773229789910945
60 0.2586368007245822
61 0.2548121631542046
62 0.2479179348490696
63 0.2450822175136311
64 0.24365563917293714
65 0.23021682333330729
66 0.228608760315378
67 0.2261726592927366
68 0.2223997963174963
69 0.21699453860912862
70 0.21071012440298417
71 0.21082024006549874
72 0.20953429768396967
73 0.19943205622212198
74 0.20168365976648042
75 0.19368757416388174
76 0.1912366542424868
77 0.1844625237945313
78 0.1821567913764748
79 0.17796884530348706
80 0.17564524247175414
81 0.17139578669370656
82 0.16845760329862094
83 0.16849884574801308
84 0.16108398755604506
85 0.160204331089381
86 0.15459488829939758
87 0.15523214986122222
88 0.15306368171539558
89 0.14684077950464777
90 0.14398977747906416
91 0.14302744812107637
92 0.14250319784004833
93 0.13741825863835685
94 0.1352630453783397
95 0.13234371154074034
96 0.12951777050197655
97 0.12588114009563622
98 0.12689805308852997
99 0.12171219665317348
100 0.12085026499526862
101 0.11829155917515342
102 0.11470665323925945
103 0.11309023170113294
104 0.10929967857571575
105 0.10813508051044227
106 0.10673536273345642
107 0.10318920381421241
108 0.1018601937400754
109 0.10126051365977065
110 0.09950452325368615
111 0.09680039166696773
112 0.09441846311689701
113 0.0937798950239599
114 0.09211192857286664
115 0.08997976246156453
116 0.08718136094247943
117 0.0852303177363568
118 0.0849610623332962
119 0.08096885084197147
120 0.0797099592022106
121 0.0779736082970606
122 0.07557225691086529
123 0.07500867898942454
124 0.07579592802284675
125 0.07217686149578433
126 0.07051134473664228
127 0.0680055856628773
128 0.06679830292617953
129 0.06572943597362449
130 0.06394101054591324
131 0.06261629453827083
132 0.06114591211345925
133 0.060404884297459854
134 0.0587933582329025
135 0.05856549375635801
136 0.05643404749183572
137 0.05604772218258691
138 0.054281938593075285
139 0.05416577381345539
140 0.05244963437458238
141 0.0509567547937083
142 0.04902052061255988
143 0.0484509456168598
144 0.04615066812846157
145 0.04535724940301133
146 0.044522659701794
147 0.042319466905042416
148 0.04158378974175981
149 0.0405079750423949
150 0.03957685714730877
151 0.03930154552482248
152 0.038019950368039214
153 0.036218666785596744
154 0.03572051935619965
155 0.034751531116775695
156 0.03372224065215763
157 0.03289494551070619
158 0.0319418203416269
159 0.031228165463714867
160 0.03014985827924114
161 0.02928772084924294
162 0.028244872731106933
163 0.027957694620768116
164 0.0269072683985461
165 0.02642310574890323
166 0.025643851351083158
167 0.02485258539931144
168 0.02380737999126577
169 0.023494539564626566
170 0.02252817938181912
171 0.021702737391839425
172 0.021256618087323455
173 0.021155868190094202
174 0.019945241167109485
175 0.019947928632643136
176 0.018920332426869243
177 0.01827937574357699
178 0.017979277715310958
179 0.01698460584760226
180 0.016441240458949742
181 0.015643073338372542
182 0.015424376873822443
183 0.014503887365539436
184 0.014131454018930893
185 0.013213588345949422
186 0.012592932420674918
187 0.012154758846744745
188 0.011855593879620901
189 0.011214598533373435
190 0.010768883940122683
191 0.010404591190390448
192 0.010068739618843137
193 0.009653447196283478
194 0.009379964047129347
195 0.00892985713744524
196 0.008819858731180056
197 0.00834826827786614
198 0.008236698397003191
199 0.007637530988953855
200 0.007493474270789209
201 0.007124814990239882
202 0.006917709327073453
203 0.006583178668893987
204 0.006387118620840354
205 0.006177638643704568
206 0.00582032682736
207 0.005466032445279396
208 0.005121494822284343
209 0.005071052380908582
210 0.004820220058598325
211 0.004607998837022729
212 0.0043854248998468634
213 0.0042376395786796256
214 0.0041150383736388504
215 0.003955311606845673
216 0.003693534582435256
217 0.0033963814194462455
218 0.003233363138520116
219 0.0030800898574318
220 0.0028869766029823957
221 0.0026469774620805834
222 0.0024779923075013252
223 0.002297099802987367
224 0.002155272259733592
225 0.002035075707195187
226 0.0019144882119185
227 0.0017729141078067882
228 0.001600288151316724
229 0.0014925723192862463
230 0.0014297939319441848
231 0.0013238007246844793
232 0.0011986343272598783
233 0.0011306324405530406
234 0.0010680642998190646
235 9.961103997964645E-4
236 8.921215736474213E-4
237 8.009204560013706E-4
238 7.109921013037472E-4
239 6.45816292316343E-4
240 5.85647486233506E-4
241 5.362078186950301E-4
242 4.8438505495561454E-4
243 4.1293209987657166E-4
244 3.588564797398994E-4
245 3.297472373401198E-4
246 2.962136789696394E-4
247 2.6368223955452503E-4
248 2.3154573237329945E-4
249 2.0418806207045729E-4
250 1.6764431542744748E-4
251 1.331903977527676E-4
252 1.0361905370366312E-4
253 7.008204319340741E-5
254 5.156616846661904E-5
255 3.817288257957158E-5
256 2.259556777503061E-5
257 1.0051183568397866E-5
258 3.4368432668416796E-6
259 6.150178142543776E-7
